,Tensión: L1 (V),Tensión: L2 (V),Tensión: L3 (V),Tensión: L1 - L2 (V),Tensión: L2 - L3 (V),Tensión: L3 - L1 (V),Corriente: L1 (A),Corriente: L2 (A),Corriente: L3 (A),Factor de potencia: L1 +,Factor de potencia: L2 +,Factor de potencia: L3 +,Flicker (Pst): L1 (Pst),Flicker (Pst): L2 (Pst),Flicker (Pst): L3 (Pst),Distorsión armónica: VL1 (%V THD),Distorsión armónica: VL2 (%V THD),Distorsión armónica: VL3 (%V THD),Distorsión armónica: IL1 (%I THD),Distorsión armónica: IL2 (%I THD),Distorsión armónica: IL3 (%I THD),Armónicos IL1: Armónico 2 (%IL1),Armónicos IL1: Armónico 3 (%IL1),Armónicos IL1: Armónico 5 (%IL1),Armónicos IL1: Armónico 6 (%IL1),Armónicos IL1: Armónico 7 (%IL1),Armónicos IL1: Armónico 11 (%IL1),Armónicos IL1: Armónico 13 (%IL1),Armónicos IL2: Armónico 2 (%IL2),Armónicos IL2: Armónico 3 (%IL2),Armónicos IL2: Armónico 5 (%IL2),Armónicos IL2: Armónico 7 (%IL2),Armónicos IL2: Armónico 9 (%IL2),Armónicos IL2: Armónico 11 (%IL2),Armónicos IL2: Armónico 13 (%IL2),Armónicos VL1: Armónico 2 (%VL1),Armónicos VL1: Armónico 3 (%VL1),Armónicos VL1: Armónico 5 (%VL1),Armónicos VL1: Armónico 7 (%VL1),Armónicos VL1: Armónico 9 (%VL1),Armónicos VL1: Armónico 11 (%VL1),Armónicos VL1: Armónico 13 (%VL1),Armónicos VL2: Armónico 2 (%VL2),Armónicos VL2: Armónico 3 (%VL2),Armónicos VL2: Armónico 5 (%VL2),Armónicos VL2: Armónico 7 (%VL2),Armónicos VL2: Armónico 9 (%VL2),Armónicos VL2: Armónico 11 (%VL2),Armónicos VL2: Armónico 13 (%VL2),Armónicos VL3: Armónico 2 (%VL3),Armónicos VL3: Armónico 3 (%VL3),Armónicos VL3: Armónico 5 (%VL3),Armónicos VL3: Armónico 7 (%VL3),Armónicos VL3: Armónico 9 (%VL3),Armónicos VL3: Armónico 11 (%VL3),Armónicos VL3: Armónico 13 (%VL3)
Tensión: L1 (V),1.0,0.9863914072351382,0.9904184189134239,0.9921273782105832,0.9936633618799238,0.9926250181827259,-0.4191247544498603,-0.694750066668279,-0.7091194323830233,0.3478735891480023,0.2858874812985534,0.2609601699950498,0.31146228510209845,0.15884876741919504,0.21307966945743234,0.7649819505230774,0.8064217809723401,0.781920252629689,-0.413014290405618,-0.15573793620934254,-0.010455004687850628,-0.3524943699774367,-0.4729408242490296,-0.26897584827456356,-0.005433180883137866,-0.45178726735638775,0.037835107236190955,-0.004115942152343791,0.006552245556282635,-0.22267590558533665,-0.1217804501405794,-0.38387460870858847,0.006919010837415938,0.10095868214336705,-0.12799691035439326,0.00808628220614367,-0.12798852480374606,0.8699289097236165,0.22039334850638964,-0.0010107985665796417,0.44052890890107677,-0.09837323505570893,0.00853175610560009,0.6404073617802093,0.8754195805937676,0.31728614848976205,0.17065560776233069,0.26593633510302506,0.41132711191515026,0.012197000514456241,-0.50674431719581,0.8745789175632422,0.25313980139417686,-0.012952531735644217,0.24126636001716378,0.03339310746257489
Tensión: L2 (V),0.9863914072351382,1.0,0.9738523414490702,0.9980054478506563,0.9968689834857736,0.9668700006512959,-0.4213923203061751,-0.7007797709828326,-0.7218943506843892,0.35630667203611865,0.3150793185930298,0.30399703319767596,0.2979279852617321,0.16192747554336248,0.2192429003305009,0.7713636724526735,0.8201898991754795,0.7777240617459277,-0.41792582880921786,-0.15590179550190575,0.011746470829470465,-0.35310940901556614,-0.45204514772150683,-0.28421322317436065,0.009700749857619657,-0.45075723212656715,0.028753094559017395,-0.007692484565799128,0.007341771003374789,-0.20228694617679072,-0.12328013926154194,-0.391014770715436,0.006118368308696236,0.10344129777571151,-0.12883111774577827,0.007598882540367704,-0.04524538531293023,0.8855241665803005,0.2085119371512484,-0.0014804490958620724,0.4061939846134273,-0.06966980537356826,0.00914909005651047,0.6743011787618655,0.8909112007626487,0.32418314685003063,0.21118139991750476,0.18063763216510856,0.43901684143359804,0.012503107873027094,-0.48217131073118336,0.891373011002447,0.22725505823901437,-0.013272828991997462,0.19138944561902177,0.04378123745137362
Tensión: L3 (V),0.9904184189134239,0.9738523414490702,1.0,0.9824187295182302,0.9872518844504689,0.9964821534377726,-0.4450365793820669,-0.7021535099597347,-0.712925050809128,0.31715878144231563,0.2513169005954231,0.21847513670652546,0.3110547804394468,0.14080047673597845,0.2066960487300078,0.7490223785291883,0.7887745910101742,0.7727443906225452,-0.41376458624240475,-0.19816744902308683,-0.06046098674693516,-0.3271262190927728,-0.48903381969865606,-0.29201164172364547,0.021866395122169466,-0.49300411518603665,0.02726626124955778,-0.02337620301817942,0.004440585355923732,-0.2642836121954736,-0.16451357394085447,-0.4160918743648465,0.004664442377316475,0.1005651615643463,-0.16119797712851935,0.007304446175248638,-0.17768741480100822,0.8755322767857742,0.19364440726491386,-0.004234595879661642,0.4889325707400118,-0.10821865640262407,0.009126750808750054,0.6311606394531791,0.8822306161221959,0.28347862885931935,0.1279067285681207,0.31588147265594657,0.40783831237009066,0.010669570355276726,-0.5413937931870578,0.8812273999506671,0.23087393090456362,-0.016631876846058644,0.29001502068282303,0.03976927972113786
Tensión: L1 - L2 (V),0.9921273782105832,0.9980054478506563,0.9824187295182302,1.0,0.9977073031621327,0.9762942126641662,-0.4158159891997729,-0.6925169865041724,-0.7115815659475805,0.3421486156495915,0.29392603944204865,0.2790818221501289,0.2989152237248384,0.1613699140507425,0.219511515934916,0.7750926798131611,0.8220836586973127,0.7846602234398317,-0.4189745891748796,-0.16842046053763599,-0.00759455546983342,-0.3516673424396455,-0.4587892906375076,-0.286395288542415,0.018110982477997393,-0.46104635599304505,0.03240150097385602,-0.00963035351625376,0.007153704812749972,-0.21287885699397724,-0.13520640010471138,-0.4026625678538483,0.007749411846811519,0.09366734630289308,-0.1313319200050815,0.007844339961567911,-0.06585983790246232,0.8847075716701458,0.21869399971254555,-7.744346969315587e-05,0.41513346315537963,-0.07825304453327057,0.009382090013749749,0.6668466551472236,0.8911509550043621,0.32834220468331254,0.20375408384989557,0.20609952293052322,0.4284529915851445,0.012492571361834357,-0.49373885193504075,0.8918239326766401,0.24025923108716055,-0.012498896513611774,0.20250198132518418,0.032511770570943205
Tensión: L2 - L3 (V),0.9936633618799238,0.9968689834857736,0.9872518844504689,0.9977073031621327,1.0,0.9816649283241596,-0.4270596215504789,-0.7114383635468351,-0.7293491567660233,0.35650006577419946,0.3034814331567046,0.28642891565822987,0.30141865202359946,0.15656324191750212,0.21343271592329413,0.7632602962301547,0.8106227504493569,0.7763996053639922,-0.42631666641613647,-0.16640458179062972,-0.006796862105168584,-0.35882387623476353,-0.4777928388180536,-0.2880188972306431,0.004824247669083061,-0.4649765900694833,0.029791553033069334,-0.008240743400889136,0.006229909224496551,-0.22278640468183442,-0.13346905742205048,-0.39633337381222455,0.004519732759271722,0.10340161936413138,-0.14052284740492058,0.0070041134059759405,-0.09101302861189041,0.8861131481729948,0.19726564994439125,-0.0038042863773233015,0.4370517526615833,-0.08381287912188104,0.008985510990560237,0.6663975388679033,0.8919978118003757,0.3068484151786743,0.1845677702218821,0.22433564283696777,0.4303532493701754,0.011904717379027516,-0.5035711720963567,0.8916066638882759,0.22360878353680563,-0.015705363378421478,0.2290143376143273,0.036830540206575994
Tensión: L3 - L1 (V),0.9926250181827259,0.9668700006512959,0.9964821534377726,0.9762942126641662,0.9816649283241596,1.0,-0.4454646650810247,-0.6954223045707559,-0.7046391204424791,0.32275019320732146,0.2553120989039102,0.21786352902843714,0.32145335517530577,0.14342072564121214,0.20649037498980571,0.7481163764906482,0.7836202529638284,0.7724831972474807,-0.39903955571122424,-0.17527720697336002,-0.04502466269334476,-0.3209518961135823,-0.4772776976618802,-0.2710969040129151,0.0031721915687836152,-0.47047026196252756,0.03123032908684082,-0.01812965278466985,0.004930321824905937,-0.2546279082731678,-0.14112472767079215,-0.39246237960236013,0.0053793981037261384,0.10907154633710861,-0.14689048189166873,0.008161348009321747,-0.19579621195680882,0.8617092424158888,0.20651936226781506,-0.0028969696775213937,0.4854998930379943,-0.1147173175210263,0.008448350518485491,0.6130824141687538,0.8668729404187837,0.2895410666375207,0.12010694856827796,0.3339002737858825,0.4003937637553646,0.010965485073096987,-0.5345069051193939,0.8651665580003125,0.24749165565831877,-0.014707095928005365,0.2927928959956355,0.049387175181256966
Corriente: L1 (A),-0.4191247544498603,-0.4213923203061751,-0.4450365793820669,-0.4158159891997729,-0.4270596215504789,-0.4454646650810247,1.0,0.7411368183798261,0.7346167099441406,-0.3024359014600156,-0.5053946870457832,-0.3886394862056998,-0.08800292595831546,0.1502027855949376,0.034417725615054434,-0.03228573819317064,-0.06198757426580231,-0.03613388209253996,-0.04019053308604184,0.048199410477989556,-0.07399237905524693,-0.33553957103811766,-0.020262350073571314,0.11659242403751659,-0.0732846861463986,0.11992213399144462,0.11727054670469132,0.49981141569818893,0.012938073362900102,0.2696547249293279,0.04335107956496879,0.03736659361441615,0.002917558978825986,-0.11679566498708516,0.18766386944883642,0.005006240043593027,0.4154382626168719,-0.258707498909856,0.27482837063122334,0.005788335968481016,-0.27146346340029165,0.3145001200748377,0.006008314220875604,-0.3968018396404214,-0.27487563075226473,0.24540805119817852,0.3583044250608009,-0.013840223587243745,-0.13540539192613127,0.0030418809725118994,0.4382839104071736,-0.25538865527924615,0.30040636874987175,0.007391172452049137,-0.19367234958413215,0.004963787514879369
Corriente: L2 (A),-0.694750066668279,-0.7007797709828326,-0.7021535099597347,-0.6925169865041724,-0.7114383635468351,-0.6954223045707559,0.7411368183798261,1.0,0.9973768857682345,-0.6389187567801011,-0.591365465689295,-0.507020772369144,-0.0950192590230321,0.04586495373809438,-0.0036653487779035963,-0.20077016735547817,-0.2676227168264909,-0.23656625223460925,0.5094774617483531,0.2687121906601671,0.09411938258202339,0.3275931524522199,0.5825699003963764,0.4303267151858266,0.039445850313592046,0.4515291459751013,0.04493895921543436,0.19508707811170928,0.017560557350698232,0.4655090700324421,0.2574464707699422,0.31385722164896646,0.004293905440443932,-0.1682689550814324,0.33852274236972835,0.016513798797615685,0.4725535692707059,-0.623626218006119,0.42789668371587514,0.012434448100138084,-0.5517818198619513,0.12890941978739934,0.007014356053316249,-0.6754735471622424,-0.648821711681428,0.33241509769384325,0.2635723063293365,-0.13776248065530122,-0.44802779652355607,0.004683753619553318,0.6946539499245128,-0.6291625436572197,0.40393814817621426,0.019283356547628482,-0.412082450862881,-0.04636197031983728
Corriente: L3 (A),-0.7091194323830233,-0.7218943506843892,-0.712925050809128,-0.7115815659475805,-0.7293491567660233,-0.7046391204424791,0.7346167099441406,0.9973768857682345,1.0,-0.6275487875489936,-0.5993701970588808,-0.5267939310886728,-0.10528533118399747,0.0317446819983064,-0.01711572536021374,-0.2277038780489256,-0.29530015559350037,-0.25789769027046106,0.49196069944911264,0.2358723299845811,0.053442283622097325,0.3245792810502239,0.5690044161142375,0.40290171182111284,0.027115243784705208,0.43112301068277253,0.04494543411776506,0.18872558363782876,0.015312849786919493,0.4286948940367792,0.2240160411627101,0.29262893414949703,0.011162237564760586,-0.17384127696218962,0.30756644697400476,0.015583287421093023,0.41866185659681254,-0.6344840677871445,0.3985881999972821,0.01927323860369058,-0.5276909791435517,0.11257503169191488,0.005708134368856721,-0.6743666224545205,-0.6584841321045461,0.29633716658541587,0.21968119010331028,-0.1079722808836968,-0.4544792302315181,0.003199918897813153,0.6660115378715299,-0.6402181213292335,0.3790234838723188,0.023987721282779064,-0.3734784486044398,-0.045990048882393955
Factor de potencia: L1 +,0.3478735891480023,0.35630667203611865,0.31715878144231563,0.3421486156495915,0.35650006577419946,0.32275019320732146,-0.3024359014600156,-0.6389187567801011,-0.6275487875489936,1.0,0.8647578955679324,0.8040366517393873,-0.05731470037632065,-0.021372445695622112,0.02738686095450411,0.027648704929617986,0.086846400528377,0.07008174828429731,-0.4618673059905939,-0.0945670958251684,0.06384916430258207,-0.3603902884399521,-0.43483682002956187,-0.35731448586713677,-0.05005768646198269,-0.17354320274440052,0.01597115952490157,0.07187323608482406,-0.018594396582715073,-0.24186149515992442,-0.0750416390434653,-0.2243916289568797,-0.04172332480923087,0.06389734287703183,-0.08015947920068062,-0.015715717141611428,-0.3353358906044783,0.28443135701270933,-0.3562168044143578,-0.041340785413619005,0.22176162833486684,0.04867931299457288,-0.020597545440969128,0.5498893330066146,0.3070099359801898,-0.2707618689282863,-0.02707739195197316,0.04400598155964651,0.4297691182632442,-0.018518060226600054,-0.32002365801134425,0.2927817878046168,-0.31340434528026767,-0.024624965351697194,0.25601826606624284,0.10158298807834112
Factor de potencia: L2 +,0.2858874812985534,0.3150793185930298,0.2513169005954231,0.29392603944204865,0.3034814331567046,0.2553120989039102,-0.5053946870457832,-0.591365465689295,-0.5993701970588808,0.8647578955679324,1.0,0.9490976113104926,-0.038157893153316975,-0.03662674972915815,0.049224281696108034,-0.004599181018452056,0.04653919607818121,0.006369087158199931,-0.07708795953210237,0.2140394959213968,0.40114419127421486,0.03671246268901009,-0.09102565315921979,-0.04860797285015203,0.0647228603591496,0.11393106266344469,-0.032021250865667684,-0.09726787104231105,-0.008203498681642636,0.013938840351048002,0.23579164187133164,0.05963238748572695,-0.08954341255998555,0.04241985726442899,0.16114684801118406,-0.010229822964756474,-0.14147878150966953,0.10446414876882276,-0.20274968113680433,-0.07838675599316391,-0.027958176073966088,0.0025819883337483258,-0.017252605098205427,0.42887652519694724,0.12424629606217924,-0.12236191067658603,0.09014376488808942,-0.1551672295590576,0.29240869562185656,-0.013196404198322742,-0.0861923345415116,0.11461102880094995,-0.204618169772209,-0.03335294921523641,-0.007963404046297192,0.06006121195266646
Factor de potencia: L3 +,0.2609601699950498,0.30399703319767596,0.21847513670652546,0.2790818221501289,0.28642891565822987,0.21786352902843714,-0.3886394862056998,-0.507020772369144,-0.5267939310886728,0.8040366517393873,0.9490976113104926,1.0,-0.00959109740787258,0.030709187812124932,0.08284128058701798,0.010166096148026533,0.06206172095785636,0.011523328344568595,0.011177540808031619,0.3541168257539604,0.5296602988697157,0.02650375010459702,-0.06840000618111315,0.10521197040443743,0.12127208599722067,0.21847818043594752,0.002306305033115961,0.01207040398691674,-0.00239355089259863,0.19453179000033843,0.3744874967646024,0.17476299629252573,-0.09704612825147926,0.08652273005437702,0.33504914818144166,-0.006494897114862441,0.03529257165101307,0.05642950926332336,-0.12904184809705146,-0.08910651247884216,-0.13745662230941066,0.10556698752451593,-0.01645918920799663,0.32371326846052123,0.0738581002516281,-0.03665445791523058,0.2558164661167047,-0.23373716859430776,0.28201523432980297,-0.01117140627768993,0.05207038072695483,0.07325662883982857,-0.1316245025465901,-0.04542967759175402,-0.16681951337122025,0.0969078027192465
Flicker (Pst): L1 (Pst),0.31146228510209845,0.2979279852617321,0.3110547804394468,0.2989152237248384,0.30141865202359946,0.32145335517530577,-0.08800292595831546,-0.0950192590230321,-0.10528533118399747,-0.05731470037632065,-0.038157893153316975,-0.00959109740787258,1.0,0.11016291114515446,0.22044440459064174,0.3215502232961964,0.30077552122705126,0.2952153836326374,0.059251609877522086,0.11931586574263815,0.12031607909103263,0.02124910869127403,-0.022567287002626574,0.11259167182416223,0.0357769620837588,-0.03537587495079897,0.016309083760051257,0.018368828056172952,0.023649375943663547,0.07265396606468055,0.13046680440321903,0.03705791607579673,0.05240797452101128,0.12612451422528115,0.0817473930080081,0.01993421381183394,0.09868981328639997,0.2561492011330456,0.21457429573626777,0.06571523015653712,0.11642417318982261,-0.0036503027804494427,0.010069578582210663,-0.023870201114192385,0.23489320888901558,0.22266491629767168,0.16456615346361284,0.1718141410059785,0.03395074440228177,0.008123812645509874,-0.03782734697460269,0.23565092147698008,0.22189092418614698,0.06791024615721511,-0.008354316748367388,0.06645500913197772
Flicker (Pst): L2 (Pst),0.15884876741919504,0.16192747554336248,0.14080047673597845,0.1613699140507425,0.15656324191750212,0.14342072564121214,0.1502027855949376,0.04586495373809438,0.0317446819983064,-0.021372445695622112,-0.03662674972915815,0.030709187812124932,0.11016291114515446,1.0,0.30750955619038495,0.20523203064069237,0.19945371633110923,0.1982699208555549,-0.0030350537175818392,0.10897133872395591,0.1137874731585167,-0.11301468841396804,-0.056713565964918486,0.09820901008968264,0.04129392369308924,0.007697397466057231,0.051479935466519695,0.1541187054390798,0.038303167365084635,0.1769771841336126,0.11479051171428561,0.01300682803163462,0.06528873181309919,0.0885949425025541,0.1833042173587194,0.030297240431830057,0.18707947745745854,0.11376988055010126,0.18753596357088118,0.06897949061147929,-0.025336960601333565,0.13781885011887526,0.023518507718087656,0.0004754540114800976,0.1089591858940864,0.21046152621243747,0.258945634874958,0.027243460149931766,0.08739908232083082,0.02357335224284651,0.08991454964649033,0.12362414163249844,0.20443092314148287,0.05252166314580081,-0.12625163901808176,0.005357730745516045
Flicker (Pst): L3 (Pst),0.21307966945743234,0.2192429003305009,0.2066960487300078,0.219511515934916,0.21343271592329413,0.20649037498980571,0.034417725615054434,-0.0036653487779035963,-0.01711572536021374,0.02738686095450411,0.049224281696108034,0.08284128058701798,0.22044440459064174,0.30750955619038495,1.0,0.2725410009829473,0.26946953976692645,0.2649058074925108,0.047861389798918436,0.11154038872962116,0.13783725421451073,0.0015367754529577921,0.006729605046090569,0.0845979781159958,0.0793089029832672,-0.010411802199461853,0.019912415351569554,0.124096836191115,0.023144965417077498,0.16921632185450997,0.12490551068270964,-0.03838774237739692,0.07869482984804026,0.015984801828975465,0.1731990956469918,0.01429129691743149,0.17062094608932285,0.1659205932192101,0.2450823297218443,0.0913543759046898,-0.040828340713608184,0.11800153881994796,0.029261568722257058,0.09142988971532956,0.16190886649518904,0.2664996956967125,0.26761367945479136,0.032671401201299494,0.11660765807204496,0.0169140077908913,0.08377020986893824,0.17347453834504062,0.2453775939029624,0.08348968733266408,-0.12460345580982972,0.07849983154519317
Distorsión armónica: VL1 (%V THD),0.7649819505230774,0.7713636724526735,0.7490223785291883,0.7750926798131611,0.7632602962301547,0.7481163764906482,-0.03228573819317064,-0.20077016735547817,-0.2277038780489256,0.027648704929617986,-0.004599181018452056,0.010166096148026533,0.3215502232961964,0.20523203064069237,0.2725410009829473,1.0,0.9847195110843442,0.9772434488347992,-0.19131609074663733,-0.016570012412284337,0.08649147901381499,-0.23326381633927037,-0.11252986654723579,-0.07953366039980787,0.032813512210355965,-0.2347306475131982,0.08854104451031763,0.1228623196934889,0.03124487439768594,0.0665118590589436,0.01858759372095715,-0.3149912099371725,0.02754679674071114,0.019326138236173088,0.06879702571974901,0.030274684078521904,0.255743285664536,0.7778384292070241,0.679114334684965,0.023397819043528573,0.18696910585162527,-0.03251273574109175,0.02945855559610896,0.4716177320270836,0.7609188880650778,0.7457900169828936,0.43696468231347474,0.22814953753758987,0.2684372066337208,0.027718928983868556,-0.10850880244593517,0.7752244198461175,0.6912055339270086,0.0058361718839605725,0.06978533673645725,0.012496065904366895
Distorsión armónica: VL2 (%V THD),0.8064217809723401,0.8201898991754795,0.7887745910101742,0.8220836586973127,0.8106227504493569,0.7836202529638284,-0.06198757426580231,-0.2676227168264909,-0.29530015559350037,0.086846400528377,0.04653919607818121,0.06206172095785636,0.30077552122705126,0.19945371633110923,0.26946953976692645,0.9847195110843442,1.0,0.9785849908673421,-0.24889515144270602,-0.052534701804615544,0.0696109343156255,-0.27755224578507326,-0.17218480482927248,-0.12990042488059625,0.02542654750742963,-0.2768185535479885,0.09444046073739427,0.12159627741764778,0.030123905629218635,0.032633960695790484,-0.016547108145889406,-0.356441337309935,0.022456222009135312,0.0041934456014873014,0.03924035281556737,0.02795125795763293,0.2323905712927818,0.8107524729535409,0.6323226961596926,0.017909863437564774,0.1949405003600477,-0.04696992786848305,0.030488267624883242,0.5389594475088211,0.800177335995971,0.717505011851501,0.43512254161953495,0.19874247582498739,0.29729327163730257,0.028840652278127675,-0.15417172963710596,0.813261001007946,0.6473962206536726,0.0021023539886604247,0.07935388767692794,0.004950139670966131
Distorsión armónica: VL3 (%V THD),0.781920252629689,0.7777240617459277,0.7727443906225452,0.7846602234398317,0.7763996053639922,0.7724831972474807,-0.03613388209253996,-0.23656625223460925,-0.25789769027046106,0.07008174828429731,0.006369087158199931,0.011523328344568595,0.2952153836326374,0.1982699208555549,0.2649058074925108,0.9772434488347992,0.9785849908673421,1.0,-0.2444675546505676,-0.06657975278564933,0.03457959644409174,-0.27554882923412416,-0.17919624999835967,-0.12574764643259334,0.013770473758219727,-0.278962940095239,0.10756347702069065,0.1384867546768896,0.02904983412376501,0.01293832033687019,-0.029559830018419383,-0.36634682667371316,0.023020227649432942,-0.000601088857431894,0.045526181721197025,0.03065509498674614,0.1571888434802639,0.7910750044014706,0.6445876531645423,0.018193372746552316,0.23206318992784047,-0.05139150698034423,0.029510196468596553,0.5094474856048194,0.7798481095055304,0.7110176985434523,0.3869389769441985,0.27643166749308595,0.28323666554624033,0.02814442245350272,-0.1595640455802871,0.794501046091481,0.6822078659880407,0.0018284509475550502,0.14501369592922622,0.020557993706833054
Distorsión armónica: IL1 (%I THD),-0.413014290405618,-0.41792582880921786,-0.41376458624240475,-0.4189745891748796,-0.42631666641613647,-0.39903955571122424,-0.04019053308604184,0.5094774617483531,0.49196069944911264,-0.4618673059905939,-0.07708795953210237,0.011177540808031619,0.059251609877522086,-0.0030350537175818392,0.047861389798918436,-0.19131609074663733,-0.24889515144270602,-0.2444675546505676,1.0,0.7935597719404014,0.69145406006229,0.8680907214050817,0.8421062682362811,0.8814880796764822,0.22339497636763292,0.8127957445750017,-0.027882244393609954,-0.0929981774423512,0.02183378882436414,0.7275299304368066,0.7870388764475169,0.7804780844429127,0.019737472413720668,-0.008640944648126243,0.6886332441595711,0.01675787225954043,0.41285479340768677,-0.6495102943817911,0.43725728939648495,0.023636332064402275,-0.6213131239597898,0.015564420280364909,0.0032072415196269626,-0.5832180595050449,-0.6724677404419999,0.35814344035108153,0.28585602630770307,-0.2293275367473453,-0.4206343592798717,0.006544460159505637,0.7392733789520921,-0.6568820029098936,0.3803684515847513,0.022027341061655242,-0.5809587276666661,0.03817341208365477
Distorsión armónica: IL2 (%I THD),-0.15573793620934254,-0.15590179550190575,-0.19816744902308683,-0.16842046053763599,-0.16640458179062972,-0.17527720697336002,0.048199410477989556,0.2687121906601671,0.2358723299845811,-0.0945670958251684,0.2140394959213968,0.3541168257539604,0.11931586574263815,0.10897133872395591,0.11154038872962116,-0.016570012412284337,-0.052534701804615544,-0.06657975278564933,0.7935597719404014,1.0,0.9607752613386397,0.4789611108866222,0.5688050057381704,0.9369519560563402,0.14966378196839683,0.8739218038476274,0.023385569647415772,0.12329646653143618,0.026057204307074627,0.8727113575138079,0.9971341486953562,0.897295638750562,0.02869060730752612,0.11656981929185836,0.8426383468262564,0.012266645653715508,0.5168057651222727,-0.45253492222524144,0.4583576471929741,0.02488103676382786,-0.5731178288116376,0.18787475725347857,-0.001021265168434305,-0.3931820100554867,-0.47760507726027235,0.439923234583051,0.529425457811197,-0.25314822941549886,-0.1734646026390408,0.007080749703042779,0.7588351706631343,-0.4607943127817578,0.4295464161681184,0.011919037515046405,-0.5850222751747532,0.12278748342588829
Distorsión armónica: IL3 (%I THD),-0.010455004687850628,0.011746470829470465,-0.06046098674693516,-0.00759455546983342,-0.006796862105168584,-0.04502466269334476,-0.07399237905524693,0.09411938258202339,0.053442283622097325,0.06384916430258207,0.40114419127421486,0.5296602988697157,0.12031607909103263,0.1137874731585167,0.13783725421451073,0.08649147901381499,0.0696109343156255,0.03457959644409174,0.69145406006229,0.9607752613386397,1.0,0.4165425116331572,0.5132506382593445,0.8436464274903028,0.1608385943243116,0.8064624166951119,0.015082222191837982,0.08834252541695715,0.027842012157981256,0.8379462690777525,0.9640569550211935,0.8059926401964598,0.008431321333571266,0.09496937247326702,0.813497271711213,0.010735131575360367,0.5320145745679032,-0.3074746351338123,0.4425139464575879,0.0066914686555469725,-0.5378105120402368,0.17940397254752202,0.00026273468122452214,-0.2020701452153372,-0.3256184522123304,0.4612617578352508,0.5746833372613396,-0.3150144532400443,-0.06652472001167667,0.00916021422603213,0.6860572180125062,-0.309765326516244,0.40383257137531253,0.0024800602912002966,-0.5783439835087476,0.10906507415688624
Armónicos IL1: Armónico 2 (%IL1),-0.3524943699774367,-0.35310940901556614,-0.3271262190927728,-0.3516673424396455,-0.35882387623476353,-0.3209518961135823,-0.33553957103811766,0.3275931524522199,0.3245792810502239,-0.3603902884399521,0.03671246268901009,0.02650375010459702,0.02124910869127403,-0.11301468841396804,0.0015367754529577921,-0.23326381633927037,-0.27755224578507326,-0.27554882923412416,0.8680907214050817,0.4789611108866222,0.4165425116331572,1.0,0.798956067534837,0.556311540248221,0.23019304012588868,0.5527772012825014,-0.08930584524191315,-0.3411232330597259,0.00970352019665331,0.39102033956008214,0.47695940272067383,0.49714646669646034,-0.0037614991549742224,-0.06813370500202996,0.3746919582876184,0.01370108908340889,0.14830913372693366,-0.5424084172977878,0.25274423962543374,0.0020526203903720843,-0.4612133054180922,-0.1848792523290652,0.0010412037107792036,-0.4059274979707533,-0.5562248807464819,0.1736209927675085,0.012657207787051754,-0.15824044733021966,-0.4269166517227656,3.5322141913777243e-05,0.46025598675225826,-0.5522604373978096,0.18502390859878956,0.010340246978752684,-0.38159892701515136,-0.07215134488118205
Armónicos IL1: Armónico 3 (%IL1),-0.4729408242490296,-0.45204514772150683,-0.48903381969865606,-0.4587892906375076,-0.4777928388180536,-0.4772776976618802,-0.020262350073571314,0.5825699003963764,0.5690044161142375,-0.43483682002956187,-0.09102565315921979,-0.06840000618111315,-0.022567287002626574,-0.056713565964918486,0.006729605046090569,-0.11252986654723579,-0.17218480482927248,-0.17919624999835967,0.8421062682362811,0.5688050057381704,0.5132506382593445,0.798956067534837,1.0,0.6400118431731887,0.15441463502845748,0.7376989406054695,-0.0555377035837559,-0.1915031391393862,0.020636330934904704,0.6038581129205348,0.5589954771413059,0.5593562985883511,0.05770445281423992,-0.1069932078412304,0.48971794059934975,0.019236089180016076,0.43695333110716306,-0.5758056349383096,0.45608898713813867,0.06470804877703608,-0.6223481297352664,-0.07122130518588822,0.005656331949660867,-0.40286095307015507,-0.5996059437905782,0.38721579914632615,0.20634013861622297,-0.33259481383499984,-0.38081885437778856,0.0093972930759018,0.7095244727945175,-0.5917325458021897,0.3802576247898009,0.05379093100577048,-0.5208795371814327,-0.0369808772798668
Armónicos IL1: Armónico 5 (%IL1),-0.26897584827456356,-0.28421322317436065,-0.29201164172364547,-0.286395288542415,-0.2880188972306431,-0.2710969040129151,0.11659242403751659,0.4303267151858266,0.40290171182111284,-0.35731448586713677,-0.04860797285015203,0.10521197040443743,0.11259167182416223,0.09820901008968264,0.0845979781159958,-0.07953366039980787,-0.12990042488059625,-0.12574764643259334,0.8814880796764822,0.9369519560563402,0.8436464274903028,0.556311540248221,0.6400118431731887,1.0,0.19284718548202542,0.8544582654821208,0.022157663609060022,0.09341745788119002,0.026808978512497625,0.8623989365564045,0.9321482087116486,0.8762567697340478,0.010218207394264937,0.07802633982577664,0.8442935280455273,0.016580671407115936,0.5092488889642528,-0.5519888883638537,0.49277381570696027,0.010847812001032327,-0.5887816921898978,0.16673602571174753,0.003428773301090723,-0.5596926566070136,-0.5745931032981898,0.44048528346120674,0.47356485689488054,-0.2219603175876097,-0.29322407062955785,0.010660003818752399,0.7739438689658603,-0.55251316058188,0.46331352274779974,0.00911698078041268,-0.6096424106219838,0.10693471145029734
Armónicos IL1: Armónico 6 (%IL1),-0.005433180883137866,0.009700749857619657,0.021866395122169466,0.018110982477997393,0.004824247669083061,0.0031721915687836152,-0.0732846861463986,0.039445850313592046,0.027115243784705208,-0.05005768646198269,0.0647228603591496,0.12127208599722067,0.0357769620837588,0.04129392369308924,0.0793089029832672,0.032813512210355965,0.02542654750742963,0.013770473758219727,0.22339497636763292,0.14966378196839683,0.1608385943243116,0.23019304012588868,0.15441463502845748,0.19284718548202542,1.0,0.11470354489516689,-0.012566291225403975,-0.047999701237563176,0.012102668254099091,0.19881969040921016,0.15396258701697446,0.06571352327979346,-0.0032552718360857923,0.031986171642014116,0.2553969666263169,0.0163265359995169,0.16080524083837044,-0.060842161188349266,0.09888788537619438,-0.0035735002195304184,-0.11715125539017517,0.1591362928899118,0.011580849943486876,-0.05787564374120911,-0.05195220064520256,0.09918410430919203,0.21839003716833022,-0.04479717953551809,0.06641548679906029,-0.005861846351717344,0.13925997081467367,-0.03474372310876521,0.06885038460458737,-0.00291754635113399,-0.21461351327764405,-0.01015246885156823
Armónicos IL1: Armónico 7 (%IL1),-0.45178726735638775,-0.45075723212656715,-0.49300411518603665,-0.46104635599304505,-0.4649765900694833,-0.47047026196252756,0.11992213399144462,0.4515291459751013,0.43112301068277253,-0.17354320274440052,0.11393106266344469,0.21847818043594752,-0.03537587495079897,0.007697397466057231,-0.010411802199461853,-0.2347306475131982,-0.2768185535479885,-0.278962940095239,0.8127957445750017,0.8739218038476274,0.8064624166951119,0.5527772012825014,0.7376989406054695,0.8544582654821208,0.11470354489516689,1.0,-0.025685397735451577,0.018675122106377434,0.01619579118619956,0.789723968979524,0.8572253273387437,0.8917846812773915,-0.002261189928462641,0.013029648843900775,0.7241417030046758,0.004577355473773132,0.42763650613548376,-0.6677871869113013,0.34671969918710377,-7.63395847712009e-05,-0.6578994894632728,0.11849752267617077,-0.005322821846373442,-0.4608361193154505,-0.6863220495120023,0.29606527789339465,0.33618666151558707,-0.3227499440778309,-0.27538863488433685,0.003210644108354818,0.8168383627902077,-0.6786036856436614,0.3079708702223148,0.00430504198585668,-0.5640826322755269,0.040805889404965594
Armónicos IL1: Armónico 11 (%IL1),0.037835107236190955,0.028753094559017395,0.02726626124955778,0.03240150097385602,0.029791553033069334,0.03123032908684082,0.11727054670469132,0.04493895921543436,0.04494543411776506,0.01597115952490157,-0.032021250865667684,0.002306305033115961,0.016309083760051257,0.051479935466519695,0.019912415351569554,0.08854104451031763,0.09444046073739427,0.10756347702069065,-0.027882244393609954,0.023385569647415772,0.015082222191837982,-0.08930584524191315,-0.0555377035837559,0.022157663609060022,-0.012566291225403975,-0.025685397735451577,1.0,0.24160076730823538,0.031686985072985834,0.0666518571090873,0.028830835764789814,-0.03855827108141148,-0.001346329822647619,-0.013765446022697274,0.05520864530743295,-0.0019913543732056225,0.05902663088422566,0.029441137451395285,0.11714194021632808,-0.0014779441346368795,-0.05048638199972872,-0.024956122868739567,-0.00198320356414099,-0.023936466475688103,0.030934612947245272,0.12192989785018706,0.0989368756529724,0.03450195681229364,-0.03414584914490866,-0.0024243685186625254,0.016838290663468987,0.03911676285595209,0.14100159581448463,-0.0012066518125907208,-0.003718313645243865,-0.00419890327954996
Armónicos IL1: Armónico 13 (%IL1),-0.004115942152343791,-0.007692484565799128,-0.02337620301817942,-0.00963035351625376,-0.008240743400889136,-0.01812965278466985,0.49981141569818893,0.19508707811170928,0.18872558363782876,0.07187323608482406,-0.09726787104231105,0.01207040398691674,0.018368828056172952,0.1541187054390798,0.124096836191115,0.1228623196934889,0.12159627741764778,0.1384867546768896,-0.0929981774423512,0.12329646653143618,0.08834252541695715,-0.3411232330597259,-0.1915031391393862,0.09341745788119002,-0.047999701237563176,0.018675122106377434,0.24160076730823538,1.0,0.02240938746703241,0.2231890802046748,0.13374267027024953,-0.0009535549704882602,-0.005142601591443696,-0.052580135589690054,0.23055163448520902,0.004801051552692573,0.2094919996644867,0.023894927984057387,0.18413591441804406,-0.00564533127840977,-0.11948487721129791,0.2250246392116464,0.011646222984644957,-0.09143057556976592,0.01777387367776413,0.19619133461097485,0.33465670855524665,0.04245113905064312,0.09251195741752728,0.00996468949986621,0.18125210066113645,0.03471393839611531,0.2167170198992761,-0.004609070843832598,-0.12460277558093964,0.4009428813514007
Armónicos IL2: Armónico 2 (%IL2),0.006552245556282635,0.007341771003374789,0.004440585355923732,0.007153704812749972,0.006229909224496551,0.004930321824905937,0.012938073362900102,0.017560557350698232,0.015312849786919493,-0.018594396582715073,-0.008203498681642636,-0.00239355089259863,0.023649375943663547,0.038303167365084635,0.023144965417077498,0.03124487439768594,0.030123905629218635,0.02904983412376501,0.02183378882436414,0.026057204307074627,0.027842012157981256,0.00970352019665331,0.020636330934904704,0.026808978512497625,0.012102668254099091,0.01619579118619956,0.031686985072985834,0.02240938746703241,1.0,0.03117139379893542,0.02752069724822782,0.009131000241114276,-0.000652169234291961,-0.006668054321678182,0.032540180669370616,0.6277357560343076,0.03080401676501957,0.006489379490246249,0.04540408823514408,-0.0007159238979917514,-0.021170798144841484,0.011107863679984016,0.666000744495301,-0.011594950026736868,0.0027176727898202985,0.04581957657180086,0.04035321766132696,0.003899618543707705,-0.01654042859073762,0.7082663746313611,0.030785138075717963,0.004107236125560454,0.04441916923496931,-0.00058450847291397,-0.014028570817303776,-0.002033970792762295
Armónicos IL2: Armónico 3 (%IL2),-0.22267590558533665,-0.20228694617679072,-0.2642836121954736,-0.21287885699397724,-0.22278640468183442,-0.2546279082731678,0.2696547249293279,0.4655090700324421,0.4286948940367792,-0.24186149515992442,0.013938840351048002,0.19453179000033843,0.07265396606468055,0.1769771841336126,0.16921632185450997,0.0665118590589436,0.032633960695790484,0.01293832033687019,0.7275299304368066,0.8727113575138079,0.8379462690777525,0.39102033956008214,0.6038581129205348,0.8623989365564045,0.19881969040921016,0.789723968979524,0.0666518571090873,0.2231890802046748,0.03117139379893542,1.0,0.8614871615898209,0.721776288076796,0.12380950519524836,0.03137649763416809,0.8678648920601779,0.018053893730504467,0.6908606967027743,-0.435721881703588,0.57494422516119,0.11252135533379105,-0.6686421495344754,0.27079449515002185,0.0061965689049394345,-0.3878373622313797,-0.4518955007888862,0.5624503738441775,0.6724316122895915,-0.3085788675102473,-0.18300596374597972,0.009685296605982892,0.8517881921996315,-0.42005568059760745,0.5311924218083771,0.05910141092876695,-0.7107380715929297,0.12041987272841553
Armónicos IL2: Armónico 5 (%IL2),-0.1217804501405794,-0.12328013926154194,-0.16451357394085447,-0.13520640010471138,-0.13346905742205048,-0.14112472767079215,0.04335107956496879,0.2574464707699422,0.2240160411627101,-0.0750416390434653,0.23579164187133164,0.3744874967646024,0.13046680440321903,0.11479051171428561,0.12490551068270964,0.01858759372095715,-0.016547108145889406,-0.029559830018419383,0.7870388764475169,0.9971341486953562,0.9640569550211935,0.47695940272067383,0.5589954771413059,0.9321482087116486,0.15396258701697446,0.8572253273387437,0.028830835764789814,0.13374267027024953,0.02752069724822782,0.8614871615898209,1.0,0.8726527573922732,0.007570773242860216,0.09790641603350983,0.8514744475431425,0.014044368808988747,0.5165201949641384,-0.4260606618591924,0.48605028728513755,0.007294671046337787,-0.5690371662939737,0.18218051354505171,-7.815862211670412e-06,-0.37818547990888435,-0.4511625031907656,0.47004077887992757,0.5491816440741033,-0.24160355056321292,-0.16670811373608685,0.008442040918178361,0.7486623179736582,-0.43399156194604777,0.45994258579405184,0.0054850979412213,-0.5797535228471511,0.1292369809068102
Armónicos IL2: Armónico 7 (%IL2),-0.38387460870858847,-0.391014770715436,-0.4160918743648465,-0.4026625678538483,-0.39633337381222455,-0.39246237960236013,0.03736659361441615,0.31385722164896646,0.29262893414949703,-0.2243916289568797,0.05963238748572695,0.17476299629252573,0.03705791607579673,0.01300682803163462,-0.03838774237739692,-0.3149912099371725,-0.356441337309935,-0.36634682667371316,0.7804780844429127,0.897295638750562,0.8059926401964598,0.49714646669646034,0.5593562985883511,0.8762567697340478,0.06571352327979346,0.8917846812773915,-0.03855827108141148,-0.0009535549704882602,0.009131000241114276,0.721776288076796,0.8726527573922732,1.0,-0.004982708405040287,0.16846487476255695,0.6474831601547011,-0.0037274985550947996,0.365461039551743,-0.6261275051626836,0.1891600001176977,-0.0037469795894402207,-0.5118976558617561,0.1284297362270163,-0.014001725031544088,-0.5558183393249145,-0.6503834537294145,0.14065163524036034,0.2516002679325228,-0.26375365800675693,-0.2836488821681071,-0.005752755553924098,0.6855882182981867,-0.6460468819038298,0.1551719949227661,0.0006047437310328242,-0.49295667885735595,0.06285303523041579
Armónicos IL2: Armónico 9 (%IL2),0.006919010837415938,0.006118368308696236,0.004664442377316475,0.007749411846811519,0.004519732759271722,0.0053793981037261384,0.002917558978825986,0.004293905440443932,0.011162237564760586,-0.04172332480923087,-0.08954341255998555,-0.09704612825147926,0.05240797452101128,0.06528873181309919,0.07869482984804026,0.02754679674071114,0.022456222009135312,0.023020227649432942,0.019737472413720668,0.02869060730752612,0.008431321333571266,-0.0037614991549742224,0.05770445281423992,0.010218207394264937,-0.0032552718360857923,-0.002261189928462641,-0.001346329822647619,-0.005142601591443696,-0.000652169234291961,0.12380950519524836,0.007570773242860216,-0.004982708405040287,1.0,-0.0035659104142244363,0.007314504931269609,-0.000515856245131242,0.0606246316730385,0.026709875738094975,0.007317008014644489,0.9109477084385228,0.01948161155063099,0.07873822462369454,-0.0005137447948462305,0.16113378760562544,0.01869076212694149,0.006973727855551036,0.03144500420882355,0.014990827510930263,0.04912670976028862,-0.0006280276668378337,0.0493372547296865,0.02049255783592632,0.005216344363811547,0.5283518068749945,0.01732255853730365,-0.0010877172383793716
